Extinction Chess AlphaZero — Training History
===============================================

Phase 1: Modal (A10G), 200 games, 400 sims — iters 1-24
Phase 2: Cluster (2080 Ti), 200 games, 400 sims — iters 25-55
Phase 3: Cluster (2080 Ti), 400 games, 400 sims — iters 56-73
Phase 4: Cluster (2080 Ti), 400 games, 400 sims, C++ MCTS — iters 74-100
Phase 5: Cluster (2080 Ti), 400 games, 400 sims, C++ batched self-play — iters 101-204
Phase 6: Cluster (RTX 3090), 400 games, 400 sims, C++ batched self-play — iters 205-234
Phase 7: Cluster (2080 Ti), 400 games, 800 sims, LR 0.0001 (10x reduction from 0.001) — iters 235-280
Phase 8: Cluster (2080 Ti), 400 games, 800 sims, LR 0.0001, 10 epochs (up from 5) — iters 281-290
Phase 9: Cluster (2080 Ti), 400 games, 800 sims, LR 0.0001, 10 epochs + terminal drilling — iters 291-301
Phase 10: Cluster (2080 Ti), 400 games, 800 sims, 115-ch history planes, num_parallel=100 — iters 303+ (iter 302 had num_parallel=200)

Note: In the training log, the "batched self-play: NNNN NN evals" line prints
BEFORE the [iter N] line it belongs to. The NNEvals column maps each count to
the iter line immediately after it in the log.

Iter  W    B    D   Positions  GenTime  TrainT    NNEvals     Loss    Policy  Value   Notes
----  ---  ---  --  ---------  -------  ------  ----------  ------  ------  ------  -----
  24  109   91   0    13481    5907.5s   31.7s          —   3.0551  2.8667  0.1884  (Modal)
  25   98  102   0    13642    2738.3s   31.3s          —   3.0612  2.8751  0.1861
  26   99  100   1    13687    2778.3s   30.9s          —   2.9524  2.7822  0.1702
  27   96  103   1    14048    2821.3s   31.7s          —   2.9105  2.7297  0.1807
  28  132   68   0    14036    2869.3s   31.5s          —   2.8804  2.7302  0.1502
  29  108   92   0    14140    2814.2s   31.9s          —   3.0028  2.8218  0.1809
  30  117   83   0    14411    2837.4s   32.6s          —   2.9627  2.7828  0.1800  100% vs random
  31  117   82   1    15277    3132.8s   34.1s          —   2.9612  2.7922  0.1690
  32  108   89   3    15372    3056.0s   34.6s          —   3.0296  2.8744  0.1552
  33  100   97   3    14832    2928.1s   33.4s          —   2.8809  2.7293  0.1516
  34  105   94   1    14585    2938.1s   32.6s          —   2.8631  2.7093  0.1538
  35  114   86   0    12480    2425.3s   28.2s          —   2.8343  2.6844  0.1499
  36  108   92   0    14192    2762.9s   31.6s          —   2.8960  2.7204  0.1755
  37  118   80   2    14648    2882.5s   32.6s          —   2.9248  2.7597  0.1651
  38  107   93   0    13979    2804.4s   31.1s          —   2.8748  2.7147  0.1601
  39  116   83   1    13534    2687.9s   30.1s          —   2.8692  2.6974  0.1719
  40  122   78   0    12776    2505.9s   28.6s          —   2.8426  2.6870  0.1556  100% vs random
  41  105   93   2    14028    2712.8s   31.3s          —   2.8313  2.6718  0.1595
  42  118   82   0    13008    2529.8s   29.0s          —   2.7711  2.6089  0.1622
  43  123   77   0    12775    2456.9s   28.6s          —   2.8300  2.6725  0.1575
  44  119   81   0    14121    2759.1s   31.5s          —   2.8645  2.6994  0.1651
  45  114   86   0    13378    2598.8s   30.1s          —   2.8402  2.6871  0.1531
  46  116   84   0    14130    2791.6s   31.5s          —   2.8011  2.6308  0.1703
  47  115   83   2    14365    2804.0s   32.1s          —   2.8912  2.7204  0.1709
  48   95  105   0    13367    2621.3s   30.1s          —   2.8549  2.6868  0.1681
  49   97  103   0    13353    2611.2s   30.1s          —   2.8898  2.7022  0.1877
  50  120   80   0    12948    2632.1s   29.1s          —   2.7925  2.6152  0.1773  100% vs random
  51  106   94   0    13862    2792.1s   31.1s          —   2.8159  2.6484  0.1675
  52  128   72   0    12494    2427.6s   28.3s          —   2.7819  2.6110  0.1709
  53  117   82   1    13975    2778.2s   31.5s          —   2.8309  2.6691  0.1618
  54  112   88   0    12668    2475.8s   28.7s          —   2.7687  2.6145  0.1542
  55  118   82   0    13392    2732.8s   30.1s          —   2.7979  2.6266  0.1712
  56  264  135   1    25740    5002.7s   60.7s          —   2.8405  2.6653  0.1752  Config: 400 games, 400 sims
  57  247  151   2    27608    5413.4s   62.5s          —   2.8569  2.7032  0.1537
  58  255  145   0    25395    5030.3s   57.9s          —   2.8544  2.6850  0.1694
  59  245  155   0    25527    5098.8s   57.4s          —   2.8841  2.7237  0.1603
  60  231  169   0    24765    4816.6s   55.4s          —   2.8791  2.7097  0.1695  100% vs random
  61  217  183   0    24969    4815.9s   55.9s          —   2.8313  2.6727  0.1586
  62  234  165   1    24682    4823.8s   55.1s          —   2.8375  2.6682  0.1693
  63  236  163   1    26752    5217.9s   59.5s          —   2.8700  2.7073  0.1626
  64  262  138   0    25068    4863.2s   55.9s          —   2.7887  2.6235  0.1651
  65  230  168   2    26030    5084.0s   58.6s          —   2.8678  2.7154  0.1524
  66  239  160   1    25582    4941.7s   57.6s          —   2.8115  2.6593  0.1521
  67  236  164   0    23784    4607.5s   53.3s          —   2.8015  2.6412  0.1603
  68  206  194   0    24878    4819.6s   56.1s          —   2.8255  2.6661  0.1593
  69  245  155   0    24019    4671.2s   54.0s          —   2.7656  2.6008  0.1648
  70  219  179   2    23625    4573.7s   53.2s          —   2.8110  2.6393  0.1716  100% vs random
  71  235  165   0    24397    4769.2s   54.9s          —   2.8137  2.6606  0.1531
  72  237  163   0    24149    4653.6s   54.7s          —   2.7897  2.6216  0.1681
  73  267  133   0    24139    4665.1s   55.8s          —   2.7534  2.5869  0.1666  Best policy loss
  74  205  194   1    25179    4923.5s   58.2s          —   2.9592  2.7858  0.1734  C++ MCTS switch
  75  227  173   0    25689    4988.0s   58.8s          —   2.9593  2.8155  0.1438
  76  182  217   1    25133    4901.1s   57.4s          —   2.9721  2.8245  0.1476
  77  209  191   0    25305    5011.9s   57.6s          —   2.9845  2.8426  0.1418
  78  206  194   0    26220    5127.1s   59.5s          —   3.0167  2.8704  0.1463
  79  200  199   1    25073    4864.6s   56.7s          —   2.9873  2.8436  0.1437
  80  209  190   1    25427    4869.3s   57.7s          —   2.9828  2.8396  0.1432  100% vs random, 8-0 vs iter30
  81  202  198   0    25676    4934.6s   57.6s          —   2.9645  2.8283  0.1361
  82  198  202   0    25546    4848.6s   57.5s          —   2.9783  2.8338  0.1445
  83  184  215   1    26632    5066.6s   60.1s          —   3.0508  2.9074  0.1435
  84  217  183   0    25225    4801.5s   56.7s          —   3.0047  2.8492  0.1555
  85  176  223   1    26265    4999.3s   59.1s          —   2.9977  2.8454  0.1523
  86  197  203   0    24963    4765.8s   56.1s          —   3.0213  2.8797  0.1416
  87  197  203   0    25289    4842.7s   56.9s          —   2.9681  2.8166  0.1515
  88  183  217   0    25663    4907.1s   57.8s          —   3.0004  2.8590  0.1413
  89  175  224   1    25937    4957.9s   58.5s          —   2.9572  2.8194  0.1378
  90  195  205   0    25283    4844.4s   57.2s          —   2.9545  2.8095  0.1449  100% vs random
  91  176  224   0    25676    4929.0s   59.1s          —   2.9606  2.8115  0.1490
  92  206  194   0    26066    5069.4s   59.2s          —   2.9611  2.8228  0.1383
  93  185  214   1    25612    4990.5s   58.3s          —   3.0115  2.8742  0.1373
  94  191  209   0    25999    5057.0s   58.8s          —   2.9911  2.8574  0.1337  Best value loss
  95  200  200   0    25224    4857.8s   57.0s          —   2.9696  2.8237  0.1459
  96  192  208   0    24726    4821.5s   55.9s          —   2.9705  2.8338  0.1368
  97  175  225   0    24171    4695.1s   54.4s          —   2.9760  2.8326  0.1435
  98  194  205   1    25838    4935.4s   58.1s          —   2.9602  2.8182  0.1420
  99  210  190   0    25846    4894.5s   58.2s          —   2.9380  2.7988  0.1392
 100  188  211   1    24909    4765.6s   56.1s          —   2.9512  2.8041  0.1471  100% vs random
 101  178  222   0    10714    1691.2s   25.0s    4100138   3.1428  2.8591  0.2837  Batched self-play + no loss avoidance
 102  209  191   0    10907    1912.7s   24.5s    4161755   3.0792  2.8293  0.2499
 103  187  213   0    10667    1931.3s   23.9s    4072499   3.0664  2.8177  0.2487
 104  210  190   0    10354    1866.9s   23.2s    3947306   3.0557  2.8026  0.2531
 105  212  188   0    10080    1821.6s   22.6s    3838496   3.0354  2.7717  0.2637
 106  200  198   2     9863    1762.8s   22.1s    3748375   3.0413  2.7521  0.2892
 107  216  184   0    10322    1901.7s   23.1s    3939370   3.0378  2.7694  0.2684
 108  210  190   0     9224    1703.6s   20.7s    3504024   3.0896  2.8064  0.2832
 109  212  188   0     9774    1806.6s   22.0s    3725710   3.0292  2.7395  0.2897
 110  206  194   0    10356    1932.3s   23.1s    3956196   3.0312  2.7661  0.2651  100% vs random
 111  198  202   0    10264    1893.7s   22.9s    3913776   3.0694  2.8173  0.2521
 112  207  193   0    10389    1935.3s   23.1s    3966221   3.0596  2.8047  0.2550
 113  219  181   0    10159    1878.1s   22.7s    3874167   3.0347  2.7754  0.2592
 114  225  174   1     9471    1794.1s   21.0s    3602407   3.0181  2.7442  0.2739
 115  218  182   0     9336    1751.8s   20.8s    3543352   3.0250  2.7504  0.2746
 116  227  173   0     9767    1826.2s   21.8s    3720519   3.0287  2.7521  0.2766
 117  204  195   1     9029    1692.0s   20.1s    3419773   3.0698  2.7837  0.2860
 118  214  186   0     9906    1883.2s   22.0s    3776642   3.0012  2.7556  0.2456
 119  237  163   0    10065    1887.8s   22.4s    3840849   3.0223  2.7459  0.2764
 120  261  139   0    10023    1900.7s   22.4s    3829631   3.0173  2.7771  0.2402  100% vs random
 121  219  180   1    10358    1967.4s   23.0s    3961174   2.9959  2.7314  0.2645
 122  241  159   0    10285    1943.4s   23.0s    3927933   3.0443  2.7897  0.2546
 123  252  148   0    10540    1983.3s   23.5s    4029636   3.0314  2.7874  0.2440
 124  251  149   0     9769    1863.8s   21.8s    3720953   3.0405  2.7745  0.2659
 125  254  146   0     9866    1898.0s   21.9s    3760426   3.0135  2.7674  0.2461
 126  233  167   0     9253    1754.5s   20.6s    3513749   3.0244  2.7482  0.2762
 127  218  182   0    10138    1955.4s   22.5s    3868034   3.0303  2.7710  0.2593
 128  218  182   0    10112    1949.8s   22.5s    3864128   3.0052  2.7530  0.2521
 129  185  215   0    10573    2266.1s   23.7s    4042461   3.0046  2.7683  0.2364
 130  171  229   0     9583    1973.7s   21.4s    3650903   3.0076  2.7308  0.2768  100% vs random
 131  146  254   0     9400    1879.3s   20.9s    3579064   2.9888  2.7305  0.2583
 132  140  260   0     9952    1963.2s   22.1s    3796072   2.9950  2.7523  0.2427
 133  153  247   0     9719    1876.5s   21.6s    3702631   3.0150  2.7773  0.2377
 134  150  250   0     9888    1929.2s   22.1s    3772808   3.0439  2.7917  0.2523
 135  136  264   0     9560    1931.6s   21.4s    3643472   2.9945  2.7413  0.2532
 136  157  243   0     9409    1925.8s   20.9s    3587657   3.0090  2.7735  0.2355
 137  156  244   0     9768    1977.1s   21.7s    3725000   3.0416  2.7904  0.2512
 138  141  258   1    10297    2025.9s   23.0s    3932025   3.0290  2.7928  0.2362
 139  166  234   0    10470    2000.0s   23.4s    4004966   2.9969  2.7600  0.2369
 140  160  240   0     9570    1816.4s   21.4s    3644954   3.0228  2.7673  0.2555  100% vs random
 141  162  238   0    10614    2047.7s   23.9s    4065958   2.9947  2.7533  0.2414
 142  164  236   0     9780    1947.1s   26.4s    3732076   3.0085  2.7454  0.2631
 143  137  263   0     9967    1926.3s   22.3s    3800111   3.0223  2.7814  0.2409
 144  125  275   0     9589    1874.1s   21.5s    3646709   3.0380  2.7983  0.2397
 145  164  235   1    10510    1570.0s   24.0s    4017758   3.0652  2.7986  0.2666
 146  144  256   0     9658    1572.8s   21.8s    3684458   3.0220  2.7903  0.2317
 147  142  258   0    10014    1682.0s   22.6s    3824270   3.0201  2.7715  0.2486
 148  136  264   0    10000    1721.9s   22.5s    3812360   3.0644  2.8246  0.2398
 149  142  258   0    10238    1779.0s   22.9s    3915950   2.9908  2.7587  0.2321
 150  141  259   0     9629    1664.5s   21.5s    3672061   3.0079  2.7838  0.2241  100% vs random, new best
 151  129  271   0    10331    1802.7s   23.1s    3947971   2.9897  2.7742  0.2155
 152  153  246   1    11009    1959.8s   24.8s    4217745   3.2813  3.0045  0.2768
 153  165  235   0    10511    1896.1s   23.6s    4020799   3.2157  2.9216  0.2941
 154  185  215   0     9483    1704.9s   21.2s    3612547   3.0849  2.7916  0.2933
 155  176  224   0    10638    1949.8s   23.7s    4078150   3.0867  2.8218  0.2649
 156  193  207   0     9685    1763.3s   21.6s    3692085   3.0709  2.8068  0.2641
 157  197  203   0     9609    1767.4s   21.5s    3657425   3.0754  2.7890  0.2864
 158  177  223   0     9701    1752.6s   21.6s    3693877   3.0202  2.7454  0.2748
 159  182  218   0    10314    1907.5s   23.0s    3943802   3.0334  2.7712  0.2622
 160  180  220   0     9552    1752.7s   21.3s    3636136   3.0282  2.7436  0.2846  100% vs random
 161  159  241   0     9655    1787.6s   21.4s    3683591   3.0238  2.7714  0.2524
 162  142  258   0    10012    1826.6s   22.4s    3821284   3.0074  2.7647  0.2427
 163  156  243   1    10276    1877.1s   23.0s    3927148   3.0185  2.7747  0.2439
 164  160  240   0    10754    1978.3s   24.1s    4122626   3.2141  2.8986  0.3155
 165  163  237   0    10513    2038.9s   23.8s    4024689   3.1652  2.9010  0.2642
 166  186  214   0    10842    2151.2s   24.3s    4153866   3.0550  2.7973  0.2577
 167  200  200   0     9426    1761.8s   21.0s    3593082   3.0230  2.7435  0.2795
 168  170  230   0    10524    1999.2s   23.6s    4029068   3.0246  2.7672  0.2574
 169  183  217   0    10117    1885.7s   22.6s    3866581   2.9634  2.7079  0.2555
 170  179  221   0    10431    1960.6s   23.3s    3987463   3.0261  2.7785  0.2477  100% vs random
 171  183  217   0     9863    1837.8s   22.0s    3763727   2.9953  2.7257  0.2696
 172  169  230   1    10141    1902.1s   22.6s    3876309   3.0040  2.7543  0.2497
 173  198  202   0     9410    1713.3s   21.1s    3580986   2.9529  2.6881  0.2648
 174  196  203   1     9209    1714.9s   20.5s    3501841   2.9898  2.7183  0.2715
 175  204  196   0     9654    1808.8s   21.5s    3684574   2.9786  2.7149  0.2637
 176  206  193   1    10146    1874.6s   22.7s    3871290   3.0092  2.7392  0.2700
 177  232  167   1     9705    1793.3s   21.6s    3803762   2.9706  2.6918  0.2788
 178  218  182   0     9954    1859.7s   22.2s    3752325   2.9999  2.7545  0.2454
 179  201  199   0     9829    1867.4s   22.0s    3767198   2.9903  2.7474  0.2428
 180  223  177   0     8999    1742.6s   20.2s    3420039   3.0125  2.7351  0.2774  100% vs random
 181  188  212   0     9618    1877.6s   21.5s    3666178   3.0075  2.7420  0.2655
 182  162  238   0     9388    1814.1s   21.0s    3573668   2.9815  2.7255  0.2560
 183  202  198   0    10272    1957.9s   23.0s    3929744   3.0083  2.7344  0.2739
 184  212  188   0    10408    1955.6s   23.2s    3983056   3.0003  2.7522  0.2480
 185  242  158   0     9636    1791.5s   21.5s    3552293   3.0199  2.7796  0.2403
 186  219  181   0     9325    1708.1s   20.8s    3552293   2.9932  2.7331  0.2601
 187  171  229   0    10053    1849.7s   22.5s    3835773   3.0038  2.7561  0.2477
 188  217  183   0     9243    1673.0s   20.8s    3513275   2.9821  2.7115  0.2707
 189  182  218   0     9878    1837.8s   22.0s    3767198   3.0219  2.7705  0.2515
 190  177  223   0    10239    1910.9s   22.9s    3911863   2.9994  2.7450  0.2544  100% vs random
 191  169  231   0    10419    1511.7s   23.7s    3984267   3.0094  2.7443  0.2651
 192  180  220   0    10742    1706.3s   24.3s    4113646   2.9749  2.7262  0.2488
 193  172  227   1    10032    1659.9s   22.6s    3839512   3.0005  2.7505  0.2500
 194  168  232   0    10812    1792.1s   24.3s    4144772   2.9979  2.7723  0.2257
 195  172  227   1     9890    1639.7s   22.2s    3778410   2.9906  2.7436  0.2469
 196  196  204   0    10326    1758.5s   23.2s    3958174   2.9814  2.7334  0.2479
 197  195  205   0    10157    1742.4s   22.8s    3883333   2.9770  2.7254  0.2516
 198  219  181   0    10041    1727.7s   22.5s    3834369   3.0243  2.7777  0.2466
 199  206  194   0    10132    1741.6s   22.6s    3864852   3.0044  2.7617  0.2427
 200  185  215   0    10185    1766.8s   22.8s    3894265   3.0129  2.7751  0.2377  98% vs random
 201  220  180   0     9940    1723.4s   22.2s    3800284   2.9902  2.7228  0.2674
 202  163  237   0    10603    1874.6s   23.6s    4064907   3.0014  2.7519  0.2496
 203  195  205   0    10563    1860.7s   23.6s    4045323   3.0044  2.7555  0.2489
 204  196  204   0    10820    1915.7s   24.1s    4145092   3.0482  2.8050  0.2432  Switched to RTX 3090
 205  199  200   1    10732    1319.0s   21.0s    4107108   3.0351  2.7692  0.2658
 206  193  207   0    10197    1488.6s   18.9s    3898957   3.0226  2.7788  0.2438
 207  184  215   1    10567    1659.9s   19.6s    4044159   3.0078  2.7562  0.2517
 208  198  202   0     9906    1608.9s   18.3s    3792074   2.9892  2.7502  0.2391
 209  205  195   0    10017    1637.8s   18.5s    3829465   3.0531  2.7931  0.2600
 210  212  188   0     9898    1645.2s   18.3s    3787402   3.0177  2.7813  0.2364  100% vs random
 211  209  191   0     9675    1587.6s   17.9s    3693435   3.0179  2.7655  0.2524
 212  206  194   0    10404    1746.5s   19.2s    3983300   2.9987  2.7545  0.2441
 213  195  205   0    10463    1749.6s   19.3s    4009167   3.0001  2.7694  0.2307
 214  212  187   1    10821    1783.4s   19.9s    4149117   2.9724  2.7221  0.2504
 215  196  204   0    10478    1767.0s   19.2s    4015510   3.0238  2.7774  0.2464
 216  194  206   0    10694    1838.9s   19.6s    4099526   3.0033  2.7645  0.2388
 217  189  211   0    10927    1895.0s   20.1s    4189455   3.0180  2.7864  0.2316
 218  189  211   0    10319    1812.3s   19.0s    3944695   3.0384  2.8036  0.2348
 219  194  206   0    10482    1836.5s   19.2s    4017762   3.0211  2.7731  0.2480
 220  188  212   0     9766    1699.5s   18.0s    3725278   3.0023  2.7448  0.2575  100% vs random
 221  208  192   0    10386    1803.1s   19.1s    3967522   3.0451  2.8008  0.2443
 222  181  218   1     9777    1672.9s   18.0s    3730113   3.0021  2.7462  0.2559
 223  191  209   0    10229    1758.2s   18.7s    3912797   3.0022  2.7508  0.2514
 224  207  193   0     9561    1638.6s   17.5s    3645369   3.0112  2.7436  0.2676
 225  198  202   0     9986    1726.9s   18.6s    3819122   3.3735  3.0310  0.3425
 226  195  205   0    10391    1805.9s   19.1s    3980535   3.1028  2.8146  0.2882
 227  170  230   0    10404    1841.0s   19.1s    3978076   3.0581  2.7844  0.2737
 228  162  238   0    10158    1808.3s   18.7s    3885782   3.0672  2.7931  0.2741
 229  153  246   1     9841    1736.7s   18.1s    3759073   3.0368  2.7797  0.2571
 230  170  230   0    10122    1759.3s   18.7s    3872058   3.0083  2.7462  0.2621  100% vs random
 231  192  208   0    10218    1784.0s   18.8s    3913138   3.0569  2.7942  0.2627
 232  163  237   0     9967    1723.1s   18.3s    3804639   3.0229  2.7487  0.2742
 233  173  227   0     9985    1742.8s   18.5s    3813689   3.3624  3.0528  0.3096
 234  167  233   0    10307    1827.8s   19.0s    3947987   3.1744  2.8829  0.2915
 235  213  186   1    11550    6464.8s   26.3s    8784022   3.5328  2.9490  0.5838  Phase 7: 800 sims, LR 0.0001
 236  209  191   0    11959    7561.3s   27.0s    9124919   3.3261  2.9096  0.4165
 237  209  191   0    12625    8197.1s   28.5s    9627809   3.3127  2.9367  0.3761
 238  211  189   0    11807    7897.2s   26.7s    8978455   3.2510  2.8824  0.3686
 239  189  211   0    11711    7963.1s   26.3s    8885575   3.2306  2.8620  0.3686
 240  204  195   1    11188    7484.4s   25.3s    8483532   3.1590  2.7860  0.3730  100% vs random
 241  211  189   0    11211    7602.8s   25.5s    8493259   3.1355  2.7693  0.3663
 242  206  193   1    11881    8341.9s   26.8s    9023985   3.1190  2.7813  0.3376
 243  219  181   0    11429    7948.6s   25.8s    8662229   3.0909  2.7284  0.3624
 244  206  194   0    11650    8547.4s   26.3s    8823562   3.0881  2.7099  0.3782
 245  199  199   2    11801    6556.7s   27.0s    8954665   3.1864  2.7467  0.4397
 246  213  186   1    11783    7350.9s   26.6s    8940511   3.1489  2.7790  0.3699
 247  198  202   0    12564    8082.8s   28.3s    9568316   3.1452  2.7927  0.3525
 248  209  189   2    12598    8224.8s   28.4s    9588734   3.0691  2.7398  0.3293
 249  219  180   1    12108    7920.2s   27.3s    9192332   2.9808  2.6457  0.3351  First loss < 3.0
 250  208  191   1    12633    8461.2s   28.6s    9629153   3.0288  2.6923  0.3366  100% vs random
 251  188  212   0    13094    8910.2s   30.0s    9989462   3.0049  2.6910  0.3139
 252  181  216   3    12764    8869.0s   29.1s    9711332   3.0053  2.6745  0.3308
 253  185  214   1    12712    9128.1s   28.7s    9685896   2.9923  2.6900  0.3023
 254  188  210   2    12318    8849.1s   27.8s    9378286   2.9562  2.6413  0.3149
 255  206  193   1    12548    7322.2s   28.8s    9562252   3.0968  2.7191  0.3777
 256  201  197   2    12747    8588.0s   28.7s    9701139   3.1221  2.7278  0.3943
 257  200  200   0    12790    8801.4s   28.8s    9742422   3.0337  2.6790  0.3546
 258  216  183   1    12066    8438.1s   27.2s    9142666   3.0047  2.6631  0.3416
 259  203  197   0    13131    9291.9s   29.6s   10006419   2.9881  2.6535  0.3346
 260  200  200   0    12944    9484.0s   29.1s    9869304   2.9433  2.6192  0.3241  100% vs random
 261  215  185   0    12307    9006.8s   27.8s    9364667   2.9500  2.6178  0.3322  OOM after iter, bumped to 32GB
 262  192  207   1    12072    7105.4s   27.6s    9168712   2.9651  2.5965  0.3686
 263  185  215   0    11391    7478.6s   25.7s    8630927   2.9223  2.5962  0.3261
 264  194  206   0    11934    8154.3s   26.8s    9066342   2.9200  2.5935  0.3266
 265  169  229   2    11999    8071.8s   27.0s    9104167   2.9265  2.6129  0.3136
 266  188  211   1    12038    8164.7s   27.2s    9155454   2.9433  2.6282  0.3151
 267  201  199   0    12727    8940.8s   28.6s    9698487   2.8819  2.5803  0.3016  First loss < 2.9
 268  184  215   1    11194    7808.9s   25.2s    8479714   2.8859  2.5608  0.3251
 269  208  192   0    12210    8764.5s   27.5s    9289874   2.8945  2.5935  0.3010
 270  199  201   0    11797    8617.3s   26.6s    8958421   2.9327  2.6286  0.3041  100% vs random
 271  184  216   0    12346    9051.1s   27.8s    9403154   2.9300  2.6438  0.2862  Wall-time check worked, clean stop
 272  183  217   0    11705    7244.2s   26.7s    8895265   2.9820  2.6614  0.3206
 273  184  216   0    12152    8190.3s   27.4s    9240480   2.9306  2.6237  0.3069
 274  190  209   1    11800    7967.1s   26.6s    8967208   2.9593  2.6460  0.3134
 275  216  183   1    12147    8257.0s   27.3s    9236891   2.9278  2.6309  0.2969
 276  234  166   0    13058    8930.5s   29.5s    9952042   3.1733  2.8444  0.3288  Loss spike
 277  218  182   0    12166    8489.9s   27.4s    9242494   3.1364  2.7737  0.3627
 278  211  189   0    12077    8513.8s   27.2s    9173181   3.0403  2.7065  0.3338
 279  188  211   1    12694    9156.4s   28.6s    9662926   3.0089  2.6867  0.3222
 280  200  199   1    12457    8734.8s   28.0s    9465153   2.9522  2.6445  0.3077  98% vs random (1 loss)
 281  190  209   1    12721    7387.1s   57.9s    9672521   2.6399  2.4095  0.2304  Phase 8: 10 epochs (up from 5)
 282  173  227   0    11763    7901.5s   53.0s    8933051   2.6213  2.4167  0.2046
 283  177  221   2    11616    7826.0s   52.4s    8817888   2.6150  2.4067  0.2083
 284  192  207   1    11645    7851.6s   52.5s    8840069   2.5620  2.3433  0.2187
 285  168  231   1    11847    7974.2s   53.4s    8999519   2.5668  2.3544  0.2124
 286  179  220   1    11934    8144.6s   53.7s    9077286   2.5736  2.3758  0.1978
 287  175  224   1    11921    8316.8s   53.6s    9044465   2.5621  2.3665  0.1956
 288  193  207   0    11913    8356.0s   53.7s    9043633   2.5421  2.3432  0.1989
 289  191  209   0    11419    8538.3s   51.4s    8661195   2.5612  2.3417  0.2195
 290  193  207   0    12459    9192.6s   56.0s    9459419   2.5394  2.3411  0.1983  100% vs random, new best
 291  192  208   0    12036    6774.8s   55.0s    9138036   2.7132  2.4583  0.2549  Terminal drilling active
 292  198  202   0    10508    6868.9s   47.7s    7885468   2.7947  2.5307  0.2640
 293  196  202   2    11949    7721.0s   54.1s    9018813   2.5938  2.3599  0.2339
 294  187  212   1    11412    7147.2s   51.6s    8608444   2.5110  2.2892  0.2219
 295  194  205   1    12017    7659.6s   54.3s    9059297   2.4568  2.2397  0.2171
 296  194  205   1    12039    7767.2s   54.6s    9070663   2.6011  2.3489  0.2522
 297  220  179   1    11661    7483.3s   52.6s    8763677   2.5462  2.3155  0.2307
 298  232  166   2    11368    7434.1s   51.3s    8547344   2.4621  2.2402  0.2219
 299  208  190   2    11398    7397.5s   51.5s    8546494   2.4346  2.2033  0.2313
 300  209  191   0    10335    7046.3s   46.7s    7721551   2.4069  2.1734  0.2334  100% vs random, new best
 301  213  185   2    10933    7339.6s   49.3s    8199565   2.4085  2.1906  0.2179
 302  225  174   1    11805   19884.8s   53.9s    8893213   2.4286  2.2070  0.2217  Phase 10: 115-ch history planes; gen slow (num_parallel=200 reverted to 100)
 303  230  168   2    12253   17268.9s   55.6s    9244837   2.4108  2.1894  0.2214  num_parallel=100; still slow
 304  227  171   2    11628   16332.9s   53.2s    8769012   2.3350  2.1054  0.2296  num_parallel=50; 115ch encoding is the bottleneck
 305  197  200   3    12697   17444.1s   57.9s    9583793   2.3453  2.1101  0.2352  4-thread collect_leaves (wrong target, no speedup)
 306  213  185   2    11703   10784.3s   53.3s    8818719   2.2959  2.0581  0.2378  4-thread process_results — 34% gen speedup
 307  213  185   2    11830   10767.3s   53.7s    8907830   2.3125  2.0811  0.2314
 308  199  198   3    11263   10458.7s   51.0s    8468823   2.3670  2.1483  0.2187
 309  204  195   1    11432   10587.7s   52.0s    8627128   2.2769  2.0658  0.2111
 310  230  169   1    12103   11356.2s   55.0s    9135175   2.3405  2.1337  0.2068  98% vs random
 311  212  184   4    11482   10774.0s   52.1s    8651642   2.3385  2.1257  0.2128
 312  224  175   1    11535   11045.2s   52.5s    8675711   2.3794  2.1603  0.2191
 313  226  173   1    10965   10393.1s   50.0s    8241485   2.4232  2.1960  0.2271
 314  208  190   2    12744   11847.5s   57.8s    9645736   2.3372  2.1266  0.2106
 315  203  196   1    11066   10622.5s   50.4s    8346218   2.4487  2.2196  0.2292
 316  201  199   0    11147   10120.0s   50.6s    8355083   2.3041  2.0879  0.2162
 317  198  201   1    11625   10572.9s   52.8s    8727465   2.3671  2.1441  0.2230
 318  202  198   0    10998   10242.8s   50.2s    8235646   2.3533  2.1333  0.2200
 319  196  204   0    12204   11723.8s   55.7s    9218116   2.3159  2.1031  0.2127
 320  210  190   0    12354   11506.5s   57.6s    9304114   2.4590  2.2329  0.2261  100% vs random, new best
 321  216  183   1    11876   11637.5s   54.6s    8973500   2.5224  2.3214  0.2010
 322  210  190   0    11382   11052.8s   52.2s    8574910   2.4213  2.2022  0.2191
 323  195  205   0    11251   10892.5s   51.6s    8486139   2.4389  2.2342  0.2048
 324  177  223   0    11513   10997.7s   52.8s    8668929   2.4132  2.2065  0.2067
 325  181  218   1    11102   10210.2s   50.9s    8342542   2.3649  2.1438  0.2211
 326  184  215   1    11832   10762.4s   54.5s    8877632   2.3745  2.1714  0.2031  100% vs random
 327  180  218   2    12246   11236.3s   56.7s    9223006   2.3888  2.1566  0.2322  Phase 11: multi-winner + hard-capture drilling
 328  229  170   1    12612   11561.4s   58.3s    9445796   2.4146  2.2093  0.2053
 329  226  171   3    12159   10849.3s   56.0s    9066839   2.4135  2.1990  0.2145
 330  217  183   0    12051   11099.7s   55.6s    8976227   2.4948  2.2795  0.2153  100% vs random, new best
 331  236  163   1    11822   10472.0s   54.4s    8813606   2.4145  2.1785  0.2360
 332  224  176   0    11402    9944.7s   52.5s    8487114   2.3699  2.1374  0.2325
 333  215  184   1    11174    9937.2s   51.4s    8297198   2.3159  2.0841  0.2319  98% vs random
 334  198  202   0    12060   10691.2s   55.9s    9009636   2.3969  2.1587  0.2382
 335  202  195   3    11912   10624.7s   54.9s    8907384   2.2927  2.0573  0.2354
 336  211  188   1    11932   10696.1s   54.8s    8896340   2.4609  2.2544  0.2065
 337  206  192   2    12606   11410.5s   58.3s    9426078   2.3071  2.0810  0.2261
 338  237  162   1    11013   10270.1s   50.9s    8161469   2.6970  2.4388  0.2582
 339  215  184   1    11578   11043.9s   53.4s    8638506   2.5224  2.2734  0.2490
 340  211  186   3    12021   11242.5s   55.3s    8999173   2.4312  2.2115  0.2197  100% vs random, new best
 341  230  169   1    11867   10782.0s   54.9s    8854843   2.4146  2.1851  0.2295
 342  216  183   1    11181    9817.5s   51.5s    8327933   2.2479  2.0125  0.2355
 343  214  183   3    11865   10616.5s   54.7s    8836881   2.2948  2.0646  0.2302
 344  217  182   1    11537   10180.0s   53.4s    8560241   2.3899  2.1528  0.2371
 345  220  178   2    10567    9661.4s   48.9s    7830223   2.4695  2.2472  0.2223
 346  209  190   1    12450   11347.5s   57.4s    9299450   2.3433  2.1251  0.2182
 347  228  171   1    12157   10836.5s   56.1s    9077077   2.2322  2.0017  0.2305  99% vs random
 348  222  174   4    10860    9740.4s   50.4s    8086084   2.4053  2.1645  0.2407  Phase 12: 5 drilling epochs, 0.5x LR, 300 hard-captures
 349  231  169   0    10567    9384.4s   48.7s    7845255   2.4748  2.2542  0.2206
 350  227  173   0    10863    9687.3s   50.0s    8094863   2.4717  2.2492  0.2225  100% vs random, new best
 351  252  148   0    10578    9658.1s   48.8s    7900514   2.4659  2.2527  0.2132
 352  218  181   1    10188    9749.5s   46.8s    7558532   2.5514  2.3197  0.2316
 353  197  203   0     9495    8907.4s   43.8s    7007815   2.5942  2.3479  0.2463
 354  231  169   0    10561    9663.4s   48.8s    7723865   2.4653  2.2375  0.2278
 355  219  181   0    10361    9801.7s   47.7s    7723865   2.5007  2.2672  0.2335  100% vs random
 356  192  208   0    11638   10941.3s   53.9s    8724822   2.5522  2.3268  0.2254
 357  234  163   3    10805   10262.1s   49.6s    8092205   2.4331  2.2153  0.2178
 358  224  176   0    10724    9831.7s   49.2s    8001012   2.5744  2.3578  0.2166
 359  221  178   1    10368    9909.7s   47.7s    7712168   2.5254  2.3117  0.2137
 360  211  188   1    10693   10454.2s   49.2s    7978741   2.5539  2.3428  0.2110  98% vs random
 361  201  198   1    10530   10196.6s   48.4s    7857050   2.5435  2.3224  0.2211
 362  212  187   1     9718    9301.0s   44.5s    7237566   2.5400  2.3012  0.2387
 363  195  205   0     9185    8843.3s   42.1s    6825057   2.5320  2.3020  0.2300  100% vs random
 364  208  192   0     9856    9063.5s   45.5s    7322880   2.5048  2.2493  0.2555
 365  204  196   0    10152    9419.9s   46.7s    7567480   2.4650  2.2455  0.2195
 366  200  200   0     9764    9186.8s   45.1s    7291748   2.5020  2.2795  0.2225
 367  186  214   0    10034    9452.0s   46.3s    7467570   2.4848  2.2542  0.2306
 368  183  216   1    10888   10206.2s   50.2s    8151408   2.4350  2.2014  0.2336
 369  200  200   0    10434    9795.7s   48.1s    7825282   2.4451  2.2193  0.2259
 370  183  215   2    10302    9496.1s   47.5s    7689934   2.4757  2.2334  0.2423  100% vs random, new best
 371  200  199   1    10766    9998.0s   49.7s    8031550   2.5384  2.3104  0.2280
 372  204  196   0    11126   10343.7s   51.4s    8335638   2.4848  2.2591  0.2257
 373  185  214   1    10882   10361.9s   50.2s    8163514   2.4516  2.2236  0.2279
 374  204  196   0    10842   10048.0s   50.1s    8103234   2.5469  2.3294  0.2175
 375  198  202   0    10504   10209.4s   48.7s    7864224   2.6136  2.3753  0.2383
 376  193  207   0    11069   10550.0s   51.1s    8292157   2.5278  2.2986  0.2292
 377  204  194   2    12074   11482.0s   55.9s    9078202   2.4417  2.2306  0.2111
 378  215  185   0    11023   10601.4s   51.3s    8266591   2.5820  2.3673  0.2147
 379  223  177   0    10269    9721.3s   47.8s    7665781   2.5846  2.3530  0.2316
 380  221  179   0    10949   10592.2s   50.6s    8206301   2.4832  2.2583  0.2249  100% vs random, new best
 381  223  177   0    11785   11117.9s   54.4s    8827313   2.6037  2.3875  0.2162
 382  231  169   0    11387   10649.8s   52.4s    8511035   2.5904  2.3813  0.2090
 383  221  178   1    11130   10512.3s   51.3s    8335346   2.5055  2.2954  0.2101
 384  217  183   0    11645   11140.3s   53.8s    8733365   2.5130  2.3024  0.2106
 385  217  181   2    10597    9847.1s   48.7s    7897261   2.5576  2.3444  0.2132
 386  226  174   0    10718   10104.8s   49.5s    8022686   2.5904  2.3741  0.2163
 387  231  169   0    11125   10452.9s   51.2s    8348341   2.4471  2.2338  0.2133
 388  206  194   0    11798   10986.1s   54.4s    8852590   2.5771  2.3550  0.2221
 389  178  222   0    11868   11175.2s   54.5s    8894612   2.5521  2.3362  0.2159
 390  198  201   1    11601   10865.8s   53.3s    8721441   2.5034  2.2859  0.2174  100% vs random, new best
 391  203  197   0    11111   10774.4s   51.1s    8312927   2.5605  2.3420  0.2184
 392  217  183   0    11291   10755.9s   52.4s    8484771   2.5460  2.3281  0.2178
 393  211  189   0    12165   11510.2s   56.2s    9121869   2.5083  2.2928  0.2154
 394  211  188   1    12426   11989.1s   57.2s    9344018   2.4541  2.2569  0.1972
 395  184  215   1    11414   10875.1s   52.5s    8542030   2.4692  2.2629  0.2063
 396  188  211   1    10617   10161.7s   48.9s    7944681   2.4838  2.2569  0.2268
 397  195  203   2    10369    9447.1s   47.8s    7738297   2.4531  2.2259  0.2272
 398  192  207   1    10918   10518.9s   50.2s    8150798   2.4744  2.2557  0.2187
 399  225  174   1    10615   10398.4s   48.8s    7912823   2.5237  2.3032  0.2205
 400  223  177   0     9997    9215.9s   46.3s    7446325   2.6127  2.3556  0.2571  100% vs random, new best
 401  228  171   1    10806   10532.2s   49.8s    8094846   2.5085  2.2854  0.2231
 402  181  218   1    10378    9872.7s   47.9s    7793506   2.5181  2.2919  0.2262
 403  208  190   2    11738   10970.4s   54.3s    8814874   2.5160  2.3169  0.1992
 404  225  175   0    10517    9856.3s   48.4s    7861909   2.5620  2.3401  0.2219
 405  226  174   0    11000   10363.6s   50.6s    8243296   2.4539  2.2350  0.2189
 406  201  199   0    10861   10182.2s   49.9s    8110037   2.5237  2.3052  0.2185
 407  206  193   1    10856   10367.1s   50.0s    8105696   2.5366  2.3378  0.1989
 408  209  190   1     9824    9301.4s   45.4s    7311736   2.5666  2.3429  0.2237
 409  186  212   2    11328   10709.8s   52.1s    8508912   2.4412  2.2317  0.2095
 410  220  179   1    11537   11018.0s   53.3s    8688081   2.5673  2.3591  0.2082  100% vs random, new best
 411  192  207   1    11551   10784.8s   53.2s    8663799   2.5293  2.3323  0.1970
 412  213  187   0    10071    9574.1s   46.3s    7506527   2.5529  2.3305  0.2224
 413  212  188   0    10774   10217.7s   49.7s    8062238   2.5541  2.3436  0.2106
 414  220  179   1    11371   10701.1s   52.2s    8508171   2.4984  2.3021  0.1963
 415  215  184   1    11674   10796.0s   53.9s    8760714   2.5779  2.3600  0.2179
 416  189  210   1    11361   10659.4s   52.3s    8532073   2.4778  2.2693  0.2085
 417  224  176   0    10584   10171.5s   48.7s    7933416   2.4984  2.2913  0.2070
 418  196  203   1    10655   10012.4s   49.1s    7991559   2.4922  2.2794  0.2128
 419  226  174   0    11468   10918.9s   52.7s    8600628   2.5193  2.3248  0.1944
 420  209  191   0    11443   10790.9s   52.9s    8585955   2.5804  2.3669  0.2135  100% vs random, new best
 421  235  165   0    10901   10300.6s   50.2s    8158005   2.5320  2.3179  0.2142
 422  228  171   1    10481   10092.9s   48.3s    7829569   2.6239  2.3987  0.2252
 423  218  182   0    11900   11541.2s   54.7s    8917700   2.4722  2.2614  0.2108
 424  204  196   0    11104   10688.8s   51.1s    8324400   2.5313  2.3186  0.2127
 425  229  171   0    10707   10681.5s   49.3s    8020147   2.5946  2.3778  0.2168
 426  216  184   0     9482    9890.1s   43.8s    7083258   2.6453  2.3945  0.2508
 427  204  195   1    11195   11260.8s   51.5s    8356203   2.5362  2.3232  0.2130
 428  196  204   0    10686   10612.0s   49.2s    7976862   2.5055  2.2886  0.2169
 429  214  185   1    10380   10405.4s   47.9s    7758748   2.5896  2.3555  0.2341
 430  188  211   1    11287   11150.1s   51.9s    8468311   2.5660  2.3487  0.2173  100% vs random, new best
 431  210  189   1    11585   11285.6s   53.1s    8691177   2.4917  2.2781  0.2136
 432  208  190   2    11650   11422.3s   53.5s    8737498   2.5270  2.3223  0.2046
 433  212  188   0    10336   10459.9s   47.4s    7726216   2.5640  2.3398  0.2242
 434  184  216   0    10522   10500.9s   48.5s    7873018   2.5876  2.3716  0.2160
 435  210  190   0    11352   11207.1s   52.3s    8502856   2.5487  2.3398  0.2089
 436  213  187   0    11935   11939.7s   55.2s    8969143   2.5663  2.3539  0.2124
 437  225  175   0    11467   11397.7s   52.7s    8608299   2.5434  2.3284  0.2150
 438  209  189   2    10739   10820.4s   49.2s    8052603   2.5678  2.3577  0.2101
 439  223  175   2    11506   11122.7s   52.9s    8631698   2.5347  2.3185  0.2162
 440  215  184   1    11588   11609.7s   53.3s    8709276   2.5285  2.3305  0.1980  100% vs random, new best
 441  209  190   1    10587   10313.0s   48.8s    7918971   2.5487  2.3349  0.2139
 442  196  202   2    11358   11251.7s   52.3s    8514558   2.5114  2.3057  0.2057
 443  199  200   1    10215   10169.2s   47.2s    7634847   2.5188  2.2852  0.2336
 444  204  196   0    10164   10321.6s   46.8s    7592652   2.5043  2.2858  0.2185
 445  185  214   1    11440   11201.2s   52.5s    8593672   2.4593  2.2550  0.2043
 446  218  181   1    10852   10295.2s   50.0s    8112948   2.5024  2.2824  0.2201
 447  212  187   1    10709   10024.3s   49.1s    8003941   2.4247  2.2044  0.2203
 448  210  190   0    10712   10271.6s   49.2s    8010840   2.5174  2.3045  0.2130
 449  223  176   1    10629   10323.2s   48.9s    7965581   2.4699  2.2444  0.2255
 450  221  179   0    10875   10471.5s   50.3s    8135259   2.4493  2.2259  0.2234  100% vs random, new best
 451  231  168   1    11104   10518.3s   51.2s    8297008   2.4778  2.2756  0.2022
 452  198  201   1    10631   10237.2s   48.9s    7936839   2.5704  2.3566  0.2137
 453  211  187   2    11657   11099.5s   53.5s    8741001   2.5073  2.3130  0.1943
 454  226  173   1    11175   10572.4s   51.3s    8353807   2.5285  2.3371  0.1915
 455  218  180   2    12001   11415.7s   55.1s    9004065   2.5021  2.2917  0.2103
 456  201  199   0    11813   11252.0s   54.4s    8879397   2.5111  2.2982  0.2129
 457  228  169   3    10329    9848.4s   47.6s    7712801   2.5681  2.3336  0.2345
 458  190  210   0    10154    9565.8s   46.8s    7569458   2.4150  2.1891  0.2259
 459  204  194   2    11058   10806.0s   50.9s    8275066   2.4949  2.2842  0.2107
 460  215  185   0    11651   11115.9s   53.8s    8738267   2.4057  2.1953  0.2104  100% vs random, new best
 461  203  196   1    11392   10985.0s   52.4s    8528056   2.4884  2.2788  0.2096
 462  227  173   0    11209   11082.7s   51.5s    8403801   2.5195  2.3134  0.2060
 463  223  176   1    10842   10326.8s   49.8s    8121298   2.5070  2.2955  0.2115
 464  191  209   0    10641   10635.6s   49.2s    7982225   2.5484  2.3310  0.2174
 465  208  192   0    10420   10481.7s   48.0s    7783468   2.5027  2.2878  0.2149
 466  233  167   0    10467   10050.4s   48.1s    7828579   2.4874  2.2700  0.2174
 467  211  187   2    10731   10226.5s   49.3s    8055267   2.4494  2.2240  0.2253
 468  244  156   0    11796   11306.0s   54.4s    8823564   2.5592  2.3709  0.1883
 469  227  173   0    10209    9448.6s   46.9s    7604937   2.6958  2.4664  0.2294
 470  212  187   1     9848    9655.8s   45.2s    7321432   2.5742  2.3477  0.2265  100% vs random, new best
 471  195  204   1    10730   10362.2s   49.8s    8011722   2.6183  2.3795  0.2388
 472  208  191   1    10825   10675.2s   49.8s    8099953   2.5862  2.3748  0.2114
 473  208  190   2    11319   11088.9s   52.1s    8485543   2.5386  2.3264  0.2122
 474  224  174   2    10960   10557.3s   50.5s    8174736   2.5160  2.2958  0.2202
 475  205  195   0    10519   10402.2s   48.6s    7884367   2.5037  2.2988  0.2049
 476  222  177   1    11201   11414.4s   51.5s    8404345   2.5133  2.3005  0.2129
 477  191  207   2    11106   10800.6s   51.2s    8341866   2.5315  2.3177  0.2138
 478  206  193   1    11067   11155.5s   51.1s    8317931   2.5601  2.3377  0.2224
 479  202  198   0    11280   11317.4s   52.1s    8485848   2.5532  2.3528  0.2005
 480  227  173   0    12055   12064.6s   55.7s    9048991   2.5891  2.3941  0.1950  100% vs random, new best
 481  225  175   0    11685   11654.8s   53.8s    8767429   2.5120  2.3123  0.1997
 482  198  201   1    10791   10953.0s   49.9s    8085607   2.5718  2.3603  0.2116
 483  198  200   2    11175   11478.1s   51.6s    8389463   2.5765  2.3674  0.2091
 484  199  200   1    10350   10778.4s   47.7s    7756294   2.5743  2.3531  0.2212
 485  198  202   0    10598   10622.5s   49.0s    7932190   2.5798  2.3579  0.2219  Phase 13: +300 extra-hard drilling positions
 486  232  167   1    10468   10394.2s   48.0s    7832052   2.5700  2.3584  0.2116
 487  209  191   0    10093    9824.2s   46.3s    7512517   2.6103  2.3988  0.2114
 488  228  171   1    10431   10164.7s   48.0s    7799967   2.5343  2.3278  0.2065
 489  240  158   2     9430    9429.5s   43.4s    7004966   2.5459  2.3265  0.2194
 490  230  170   0    10350    9962.7s   47.6s    7689222   2.5362  2.3309  0.2053  100% vs random, new best
 491  194  205   1     9778    9631.6s   45.3s    7253962   2.5664  2.3336  0.2327
 492  233  166   1    10190   10002.1s   46.7s    7571134   2.4798  2.2682  0.2115
 493  244  154   2     9415    8818.8s   43.5s    6991959   2.5291  2.3095  0.2196
 494  228  172   0    10262    9676.6s   47.3s    7630182   2.4772  2.2564  0.2208
 495  208  192   0     9666    8913.7s   44.3s    7176314   2.4339  2.1981  0.2358
 496  203  197   0     8977    8659.5s   41.3s    6676649   2.5591  2.3148  0.2442
 497  206  192   2    11301   11240.7s   52.1s    8465045   2.4734  2.2572  0.2162
 498  203  197   0    10617   10606.0s   48.9s    7941761   2.5882  2.3845  0.2037
 499  225  172   3    10761   10758.8s   49.7s    8046337   2.6680  2.4404  0.2277
 500  220  180   0    10390   10142.9s   47.8s    7734558   2.6133  2.3930  0.2203  100% vs random, new best — iter 500 milestone
 501  244  155   1    10625   10267.7s   49.2s    7899481   2.5526  2.3515  0.2010
 502  241  159   0    10843   10932.2s   50.2s    8097819   2.5108  2.3178  0.1930
 503  234  166   0     9718    9399.2s   44.6s    7231406   2.5868  2.3587  0.2280
 504  224  175   1     9978    9379.9s   45.8s    7427426   2.5189  2.3123  0.2066
 505  245  154   1    10902   10077.9s   50.2s    8107398   2.5105  2.3235  0.1870
 506  231  167   2    10111    9351.2s   46.5s    7512999   2.5019  2.2939  0.2080
 507  243  156   1     9260    8639.2s   42.9s    6844804   2.4261  2.1830  0.2431
 508  236  164   0     9322    9227.1s   43.0s    6917306   2.4511  2.2303  0.2208
 509  210  190   0     9498    8909.7s   44.0s    7044994   2.5645  2.3263  0.2382
 510  213  187   0     9803    9114.6s   45.3s    7288811   2.4833  2.2662  0.2170  100% vs random, new best
 511  215  184   1     9724    9044.9s   44.6s    7205004   2.5097  2.2823  0.2274
 512  237  162   1     9585    8722.6s   44.1s    7115649   2.5411  2.3252  0.2159
 513  249  151   0    10151    9412.3s   46.5s    7564175   2.4768  2.2797  0.1971
 514  227  173   0    10247    9416.3s   47.2s    7628391   2.6051  2.3957  0.2094
 515  260  139   1    10311    9179.0s   47.4s    7633719   2.4986  2.2943  0.2043
 516  239  160   1    10048    9203.6s   46.3s    7453832   2.5777  2.3560  0.2217
 517  212  187   1    10107    9205.0s   46.7s    7521651   2.6204  2.3977  0.2227  Phase 13b: extra-hard split to 0.1x LR
 518  216  183   1    11972   11525.4s   55.0s    8975612   2.4988  2.3054  0.1935
 519  198  201   1    11240   10986.8s   51.7s    8392056   2.4610  2.2556  0.2055
 520  214  185   1    11498   11082.6s   52.8s    8565154   2.3940  2.1821  0.2119  100% vs random, new best
 521  203  197   0    11067   10554.9s   50.8s    8261675   2.3870  2.1843  0.2027
 522  205  193   2    11519   11017.3s   52.8s    8554679   2.4402  2.2261  0.2141
 523  194  205   1    11303   10557.3s   52.0s    8452511   2.4024  2.1856  0.2168
 524  218  180   2    11140   10927.2s   51.5s    8282884   2.4920  2.2686  0.2234
 525  213  186   1    11767   11544.7s   54.2s    8816663   2.4222  2.2131  0.2092
 526  207  191   2    11355   11102.2s   52.3s    8514883   2.4365  2.2398  0.1967
 527  217  181   2    10805   10494.6s   49.9s    8068485   2.4231  2.2062  0.2169
 528  231  169   0    10981   10566.6s   50.4s    8175093   2.4415  2.2395  0.2021
 529  203  197   0    10405   10114.1s   47.8s    7727109   2.4380  2.2367  0.2013
 530  228  171   1    10507   10140.8s   48.5s    7788467   2.4849  2.2629  0.2220  100% vs random, new best
 531  233  167   0    10475   10179.1s   48.5s    7765699   2.4953  2.2751  0.2202  Phase 13c: extra-hard LR reduced to 0.025x
 532  224  174   2    11376   11075.8s   52.4s    8497400   2.3892  2.1854  0.2037
 533  192  207   1     9858    9519.9s   45.3s    7331962   2.3593  2.1359  0.2233
 534  206  193   1    10079    9994.0s   46.4s    7493999   2.3365  2.1143  0.2222
 535  217  182   1    10150    9980.3s   46.8s    7571782   2.3323  2.1103  0.2220
 536  235  164   1    10808   10650.4s   49.8s    8030408   2.3239  2.1014  0.2224
 537  212  187   1    10273    9972.2s   47.4s    7620273   2.4642  2.2521  0.2121
 538  221  178   1    10762   10099.0s   49.8s    8007738   2.4857  2.2349  0.2507
 539  222  178   0    11570   11029.9s   53.4s    8623914   2.4988  2.2879  0.2108
 540  221  179   0    11511   11017.0s   53.0s    8609343   2.3526  2.1314  0.2211  100% vs random, new best
 541  234  166   0    10276    9626.1s   47.4s    7645100   2.4220  2.1937  0.2284
 542  252  148   0    11386   10655.5s   52.6s    8486114   2.4336  2.2390  0.1946
 543  245  155   0    10679   10194.1s   49.4s    7926031   2.4618  2.2634  0.1984
 544  219  181   0    10495   10277.4s   48.4s    7824511   2.4395  2.2391  0.2004
 545  226  171   3    10388    9794.1s   47.9s    7725156   2.3919  2.1493  0.2426  Replay buffer write-only (K=10) deployed
 546  218  182   0    10038    9314.1s   46.2s    7465462   2.3486  2.1275  0.2211
 547  209  191   0    10045    9530.4s   46.2s    7467301   2.3523  2.1054  0.2469
 548  194  204   2    10520    9587.2s   48.5s    7797912   2.2559  2.0468  0.2091
 549  209  190   1    10357    9363.4s   47.7s    7679733   2.2496  2.0310  0.2185
 550  195  205   0     9801    8985.6s   45.2s    7245689   2.2660  2.0430  0.2231  98% vs random, new best
 551  232  167   1    10935   10279.0s   50.5s    8108591   2.3421  2.1387  0.2034
 552  209  189   2    10415   10034.7s   48.2s    7753103   2.3853  2.1616  0.2237
 553  210  190   0    10320    9458.5s   72.9s    7682832   2.5321  2.2564  0.2757  Phase 14: extra-hard off, K=5 buffer load, 3 epochs
 554  204  196   0     9874    9297.8s   71.4s    7325586   2.4164  2.1836  0.2327
 555  213  187   0    10833   10124.9s   73.2s    8083177   2.4584  2.2214  0.2371
 556  225  175   0    10795   10123.6s   74.6s    8040491   2.5102  2.2675  0.2427
 557  218  180   2    11238   10607.9s   74.7s    8382582   2.5070  2.2743  0.2327
 558  196  204   0    11272   10708.1s   76.4s    8416472   2.5287  2.3052  0.2235
 559  221  179   0    11143   10802.0s   78.0s    8297775   2.5445  2.3300  0.2145
 560  217  183   0    10651   10124.6s   77.3s    7933779   2.5172  2.3117  0.2055  100% vs random, new best — first Phase 14 100%
 561  232  168   0    10594   10084.3s   76.5s    7910074   2.5619  2.3512  0.2107
 562  211  188   1    10134    9355.4s   75.9s    7550174   2.5570  2.3443  0.2127
 563  220  180   0    11466   10893.2s   75.3s    8567234   2.5752  2.3607  0.2146
 564  221  179   0    10437    9821.3s   75.9s    7791549   2.5635  2.3574  0.2061
 565  222  178   0    11148   10536.3s   75.3s    8309884   2.5993  2.3818  0.2175
 566  246  154   0    11026   10459.6s   78.4s    8192906   2.5651  2.3578  0.2073
 567  205  194   1    10968   10464.3s   77.6s    8174304   2.5577  2.3548  0.2029
 568  204  196   0    10802   10292.1s   76.1s    8067634   2.5549  2.3475  0.2074
 569  207  193   0    10973   10677.7s   76.7s    8217749   2.5587  2.3513  0.2075
 570  212  187   1    10909   10359.7s   76.3s    8129637   2.5626  2.3532  0.2094  100% vs random, new best
 571  198  202   0    11144   10638.4s   77.0s    8345640   2.5752  2.3646  0.2106
 572  207  192   1    11272   10919.4s   77.0s    8416912   2.5713  2.3624  0.2089
 573  227  171   2    11943   11594.5s   80.4s    8961263   2.5791  2.3724  0.2067
 574  224  176   0    11042   10635.7s   79.0s    8253666   2.5427  2.3445  0.1982
 575  210  190   0    11618   11080.7s   80.0s    8670946   2.5828  2.3870  0.1958
 576  243  157   0    11361   10981.7s   80.3s    8508745   2.5743  2.3801  0.1943
 577  211  189   0    10603   10207.8s   79.5s    7898827   2.5543  2.3617  0.1926
 578  219  179   2    11387   10691.8s   78.4s    8514771   2.5532  2.3602  0.1930
 579  199  201   0    10951   10438.2s   78.1s    8188823   2.5469  2.3509  0.1960
 580  216  184   0    11432   10694.9s   78.0s    8532656   2.5490  2.3503  0.1987  100% vs random, new best
 581  191  209   0    10957   10510.5s   77.8s    8220773   2.5141  2.3228  0.1913
 582  228  172   0    11610   11004.7s   79.2s    8657034   2.5620  2.3669  0.1951
 583  196  204   0    10818   10430.4s   78.4s    8083962   2.5343  2.3407  0.1936
 584  201  198   1    11261   10918.1s   80.9s    8416149   2.5822  2.3781  0.2040
 585  229  171   0    11017   10477.6s   78.1s    8209513   2.5328  2.3346  0.1982
 586  215  183   2    11256   11002.1s   80.6s    8395984   2.5396  2.3457  0.1939
 587  231  169   0    11111   10702.2s   77.6s    8306183   2.5485  2.3568  0.1917  100% vs random, new best
 588  218  180   2    10379    9711.1s   77.6s    7730731   2.5118  2.3205  0.1913
 589  230  170   0    10636   10316.1s   75.9s    7949180   2.5636  2.3624  0.2012
 590  225  175   0    10461   10062.1s   75.7s    7824293   2.5602  2.3586  0.2016  100% vs random, new best
 591  222  178   0    10614   10099.5s   74.4s    7914398   2.5554  2.3477  0.2077
 592  213  186   1    10630   10058.6s   74.1s    7917766   2.5537  2.3477  0.2060
 593  225  175   0    11015   10603.0s   74.6s    8234903   2.5465  2.3468  0.1998
 594  217  182   1    10422    9880.4s   74.2s    7765126   2.5272  2.3294  0.1978
 595  221  179   0    10491    9930.9s   74.1s    7822987   2.5248  2.3288  0.1960  100% vs random, new best
 596  207  191   2    10520    9933.4s   74.0s    7826712   2.5127  2.3162  0.1966
 597  200  200   0    10940   10476.3s   75.0s    8199844   2.5383  2.3413  0.1971
 598  197  203   0    11291   10706.3s   75.1s    8467707   2.5481  2.3504  0.1977
 599  208  192   0    11084   10694.8s   76.5s    8269292   2.5475  2.3516  0.1960
 600  190  209   1    11382   10952.8s   77.4s    8507782   2.5337  2.3419  0.1918  100% vs random, new best
 601  203  197   0    10903   10384.8s   77.9s    8135735   2.5170  2.3314  0.1856
 602  218  182   0    11290   10702.0s   78.1s    8464242   2.5142  2.3245  0.1897  100% vs random, new best
 603  212  188   0    11430   10602.6s   78.5s    8557558   2.4895  2.3019  0.1876
 604  227  173   0    10887    9985.2s   78.0s    8089503   2.5073  2.3175  0.1897
 605  203  196   1    10643   10034.3s   77.0s    7971523   2.5043  2.3139  0.1904
 606  199  201   0    10709   10183.6s   76.9s    7951589   2.5130  2.3191  0.1939
 607  217  182   1    11038   10578.2s   76.5s    8247734   2.5263  2.3341  0.1923
 608  212  188   0    10520   10001.2s   75.4s    7843312   2.5298  2.3373  0.1925
 609  211  189   0    10609    8813.9s   61.5s    7923497   2.5071  2.3149  0.1922
 610  202  198   0    10636    9206.4s   60.3s    7951180   2.5424  2.3484  0.1940  100% vs random, new best
 611  221  179   0    11585   10084.2s   61.2s    8689481   2.5375  2.3496  0.1879
 612  215  185   0    10943    9557.5s   61.1s    8184855   2.5393  2.3506  0.1888
 613  211  189   0    11139    9631.0s   61.9s    8332699   2.5304  2.3449  0.1855
 614  200  199   1    11505   10394.8s   62.8s    8605097   2.5396  2.3522  0.1874
 615  210  189   1    10674    9145.0s   62.9s    7967106   2.5204  2.3367  0.1837
 616  223  177   0    10087    8488.4s   61.2s    7507815   2.5149  2.3251  0.1898  100% vs random, new best
 617  221  178   1    11198    9764.3s   62.0s    8376822   2.5036  2.3144  0.1892
 618  193  207   0    10755    8964.3s   61.0s    8034515   2.5190  2.3292  0.1898
 619  213  186   1    10214    8236.2s   59.6s    7603894   2.5124  2.3188  0.1937
 620  228  172   0    10300    8610.9s   59.2s    7657276   2.5132  2.3222  0.1910  100% vs random, new best
 621  223  177   0    10679    9362.3s   60.0s    7979383   2.5121  2.3202  0.1920
 622  203  195   2    10626    8437.5s   59.2s    7929722   2.5071  2.3119  0.1952
 623  205  194   1    10566    8907.3s   59.3s    7865606   2.5088  2.3121  0.1967
 624  226  174   0    10838    9787.7s   60.4s    8090574   2.5230  2.3291  0.1940
 625  204  196   0    10936    8992.1s   60.5s    8134872   2.4988  2.3038  0.1950  100% vs random, new best
 626  202  197   1    11262    8851.6s   61.5s    8417998   2.4808  2.2864  0.1944  8-thread test starts
 627  209  191   0    10521    7982.7s   60.9s    7849625   2.5083  2.3122  0.1960
 628  213  187   0    11445    8701.8s   61.9s    8519701   2.5068  2.3174  0.1894
 629  212  188   0    10638    8029.9s   61.7s    7938414   2.5194  2.3301  0.1893
 630  204  196   0    10326    7720.1s   61.0s    7686886   2.4976  2.3066  0.1910  100% vs random, new best
 631  200  198   2    11644    8762.1s   61.5s    8711100   2.5144  2.3268  0.1876
 632  208  192   0    10684    8108.4s   61.6s    7985396   2.5021  2.3161  0.1860
 633  200  200   0    11042    8554.9s   61.3s    8222778   2.5170  2.3271  0.1899
 634  194  206   0    10730    8167.9s   61.3s    8024442   2.5112  2.3216  0.1896  100% vs random, new best
 635  188  212   0    11082    8530.2s   62.5s    8276666   2.4878  2.2994  0.1884
 636  193  207   0    10605    8115.6s   60.8s    7941205   2.5198  2.3281  0.1917
 637  204  195   1    10757    8219.9s   61.0s    8013501   2.5154  2.3258  0.1896
 638  204  196   0    11476    8682.4s   61.5s    8615732   2.5179  2.3271  0.1908
 639  198  202   0    10980    8612.2s   61.8s    8205484   2.5099  2.3227  0.1872
 640  182  218   0    10190    7922.1s   60.8s    7610926   2.5030  2.3122  0.1908  100% vs random, new best
 641  197  202   1    10894    8525.1s   61.5s    8128726   2.5109  2.3233  0.1876
 642  192  208   0    10724    8184.2s   61.1s    8008996   2.5035  2.3174  0.1861
 643  217  183   0    10761    7989.6s   60.4s    8042089   2.5121  2.3269  0.1852  100% vs random, new best (last LR=0.0001)
 644  198  201   1    10619    8307.8s   60.9s    7920627   2.5400  2.3198  0.2202  LR=0.00002 starts
 645  189  211   0    11165    8697.2s   61.1s    8370213   2.5565  2.3444  0.2121
 646  204  196   0    10346    8059.7s   60.5s    7730578   2.5399  2.3334  0.2065
 647  209  191   0    11179    8494.7s   61.0s    8352747   2.5331  2.3291  0.2041
 648  213  186   1    11077    8309.4s   61.3s    8291525   2.5170  2.3075  0.2095
 649  191  209   0    11085    8790.6s   61.9s    8288549   2.4999  2.2933  0.2066
 650  207  193   0    10677    8228.7s   61.4s    7977805   2.4922  2.2859  0.2063  100% vs random, new best
 651  205  194   1    10714    7906.8s   61.8s    8005474   2.4802  2.2770  0.2032
 652  194  206   0    10830    8073.2s   61.4s    8094990   2.4854  2.2781  0.2073  99% vs random (first sub-100% in many iters)
 653  195  205   0    11393    8789.4s   62.2s    8535849   2.5055  2.2915  0.2140
 654  187  213   0    10429    8206.7s   60.8s    7796653   2.4965  2.2869  0.2096
 655  184  216   0    11038    8328.4s   61.3s    8257182   2.4886  2.2780  0.2107
 656  212  188   0    11100    8265.9s   61.8s    8293540   2.5106  2.3000  0.2106
 657  198  201   1    11553    8590.6s   62.5s    8637521   2.5015  2.2913  0.2102
 658  200  200   0    11288    8368.3s   62.4s    8452800   2.4900  2.2742  0.2157
 659  204  196   0    11242    8375.3s   63.3s    8432666   2.4767  2.2704  0.2063
 660  212  187   1    11227    8513.9s   63.6s    8416827   2.4752  2.2671  0.2080  100% vs random, new best
 661  188  212   0    10978    8191.7s   63.4s    8213490   2.4735  2.2647  0.2088  99% vs random
 662  214  186   0    11340    8601.0s   63.7s    8478500   2.4894  2.2689  0.2205
 663  207  192   1    11446    8726.1s   63.2s    8571934   2.4837  2.2693  0.2145
 664  194  206   0    10776    8161.1s   62.8s    8061584   2.4630  2.2527  0.2103
 665  215  185   0    10957    8220.0s   62.5s    8198637   2.4613  2.2534  0.2079
 666  208  191   1    11589    8563.6s   63.2s    8668365   2.4651  2.2537  0.2114
 667  202  198   0    12140    9208.5s   64.2s    9091724   2.4758  2.2670  0.2088
 668  212  188   0    11348    8434.3s   64.0s    8504300   2.4742  2.2680  0.2062
 669  204  196   0    11808    8830.7s   65.1s    8862496   2.4814  2.2819  0.1995
 670  217  181   2    12087    8942.7s   66.5s    9058263   2.4799  2.2819  0.1980  100% vs random, new best
 671  210  188   2    11890    9000.1s   67.2s    8922706   2.4795  2.2766  0.2029
 672  216  184   0    11170    8377.2s   65.5s    8383298   2.4689  2.2714  0.1975
 673  191  209   0    12155    8989.3s   66.5s    9127891   2.4744  2.2737  0.2007
 674  221  179   0    11989    9620.6s   66.9s    8979285   2.4674  2.2694  0.1980
 675  197  202   1    12331    8930.4s   67.0s    9244555   2.4668  2.2678  0.1990
 676  194  204   2    11649    8336.7s   66.9s    8722777   2.4551  2.2628  0.1923
 677  209  191   0    11797    8434.7s   67.6s    8849925   2.4598  2.2691  0.1907
 678  203  197   0    11751    8337.2s   67.0s    8797231   2.4641  2.2704  0.1937
 679  184  216   0    11718    8324.4s   66.8s    8778462   2.4660  2.2686  0.1973  100% vs random
 680  187  212   1    11194    8511.6s   65.8s    8402530   2.4522  2.2522  0.2001  100% vs random, new best
 681  188  211   1    10934    8001.1s   64.6s    8189950   2.4490  2.2485  0.2006
 682  174  226   0    12134    9051.1s   65.0s    9105318   2.4681  2.2586  0.2095
 683  189  209   2    11973    9096.3s   65.4s    8993045   2.4626  2.2579  0.2047
 684  198  201   1    11387    8592.7s   65.0s    8526939   2.4646  2.2622  0.2024
 685  176  223   1    11777    8649.8s   65.6s    8820297   2.4644  2.2620  0.2024
 686  197  203   0    11667    8453.5s   66.4s    8748419   2.4632  2.2663  0.1969
 687  181  218   1    11072    7996.5s   65.2s    8287672   2.4596  2.2637  0.1960
 688  182  217   1    11246    8330.9s   64.5s    8419854   2.4554  2.2569  0.1985  100% vs random
